File generated by COGITO
percent charge spilling: 0.21%
maximum band charge spill: 0.76%
maximum charge spill: 1.37%
average orbital mixing: 0.44%
max orbital mixing: 0.7%
If all bands are used:
all bands avg orbmix: 0.01%
all bands max orbmix: 0.02%
avg spill per band:
  0.0001   0.0001   0.0001   0.0001   0.0001   0.0001
  0.0001   0.0001   0.0001   0.0001   0.0006   0.0006
  0.0006   0.0005   0.0014   0.0012   0.0023   0.0028
  0.0040   0.0051   0.0042   0.0054   0.0054   0.0053
  0.0048   0.0043   0.0047   0.0044   0.0420   0.0473
  0.0438   0.0487   0.0627   0.0462   0.9679   0.9614
  0.9744   0.9702   0.9810   0.9815   0.9761   0.9855
  0.9837   0.9846   0.9875   0.9894   0.9894   0.9936
  0.9942   0.9947   0.9959   0.9954   0.9969   0.9971
  0.9973   0.9979   0.9974   0.9979   0.9986   0.9990
  0.9988   0.9988   0.9990   0.9988   0.9992   0.9993
  0.9995   0.9996   0.9995   0.9994   0.9994   0.9994
  0.9996   0.9992   0.9995   0.9993   0.9994   0.9996
  0.9996   0.9996   0.9995   0.9995   0.9994   0.9995
  0.9995   0.9995   0.9995   0.9995   0.9996   0.9996
  0.9995   0.9995   0.9995   0.9995   0.9995   0.9996
  0.9996   0.9997   0.9997   0.9997   0.9997   0.9997
  0.9997   0.9997   0.9996   0.9998   0.9996   0.9996
  0.9998   0.9998   0.9998   0.9998   0.9997   0.9998
  0.9997   0.9998   0.9998   0.9999   0.9999   0.9999
  0.9999   0.9999   0.9998   0.9998   0.9998   0.9999
  0.9999   0.9999   0.9999   0.9998   0.9999   0.9999
  0.9999   0.9999   0.9999   0.9999   0.9999   0.9999
  0.9999   0.9999   0.9999   0.9999   0.9999   0.9999
  0.9999   0.9999   0.9999   0.9999   0.9999   0.9999
  0.9999   0.9999   0.9999   0.9999   0.9999   0.9999
  0.9999   0.9999   0.9999   0.9999   0.9999   0.9999
  0.9999   1.0000   0.9999   0.9999   1.0000   1.0000
  0.9999   1.0000   1.0000   1.0000   1.0000   1.0000
  1.0000   1.0000   1.0000   1.0000   1.0000   1.0000
  1.0000   1.0000   1.0000   1.0000   1.0000   1.0000
  1.0000   1.0000   1.0000   1.0000   1.0000   1.0000
  1.0000   1.0000   1.0000   1.0000   1.0000   1.0000
  1.0000   1.0000
