0.0 -15.427 -15.2566 -15.2566 -15.2561 -15.2528 -15.2276 -15.203 -15.1945 -15.1945 -15.1798 -11.6309 -9.1969 -6.8102 -6.7795 -2.6868 -0.4299 2.2673 2.2673 4.9791 5.0494 5.0995 5.0995 5.449 5.449 5.5559 5.5559 5.6936 5.88 9.3447 9.979 11.7939 11.7939 13.5267 13.5267 14.3034 15.5231 15.7696 15.8816 18.9552 18.9552 19.3352 19.749 20.1027 20.8822 21.0504 
0.01 -15.4268 -15.2573 -15.2566 -15.2552 -15.2526 -15.2275 -15.2035 -15.1948 -15.1945 -15.1798 -11.6271 -9.1992 -6.8088 -6.7778 -2.6897 -0.4377 2.2653 2.274 4.9285 4.9946 5.1423 5.1523 5.4282 5.4456 5.5496 5.5573 5.7011 5.895 9.3633 9.9906 11.7748 11.7987 13.4993 13.5135 14.3364 15.5347 15.7852 15.884 18.8953 18.9427 19.3233 19.7389 20.155 20.7999 21.0466 
0.02 -15.4263 -15.2579 -15.2566 -15.2539 -15.252 -15.2274 -15.2051 -15.1955 -15.1944 -15.18 -11.6159 -9.2061 -6.8045 -6.7729 -2.6983 -0.4609 2.2593 2.2941 4.8375 4.926 5.2037 5.2098 5.3752 5.4354 5.5429 5.5617 5.7203 5.9335 9.4178 10.0252 11.7192 11.8132 13.4278 13.4745 14.4243 15.5692 15.8297 15.8907 18.7499 18.9077 19.2862 19.7102 20.2757 20.6428 21.0359 
0.03 -15.4254 -15.2583 -15.2565 -15.2523 -15.2511 -15.2273 -15.2079 -15.1965 -15.1944 -15.1803 -11.5973 -9.2174 -6.7973 -6.7648 -2.7124 -0.4989 2.2493 2.3273 4.7346 4.8641 5.2029 5.2745 5.3053 5.4188 5.5684 5.5688 5.7477 5.9835 9.505 10.0819 11.6315 11.8369 13.3309 13.4109 14.5479 15.6266 15.8962 15.9001 18.574 18.8563 19.2222 19.6666 20.4083 20.4947 21.0195 
0.04 -15.4242 -15.2585 -15.2563 -15.2506 -15.2498 -15.2271 -15.2122 -15.1975 -15.1944 -15.1807 -11.5715 -9.2331 -6.7875 -6.7536 -2.7314 -0.5512 2.2354 2.3734 4.6243 4.8104 5.1385 5.2287 5.3327 5.3961 5.5781 5.6392 5.7815 6.0362 9.6199 10.1596 11.5181 11.8692 13.2215 13.3248 14.6931 15.7066 15.91 15.9746 18.4027 18.7963 19.1347 19.6117 20.3804 20.5249 20.9998 
0.05 -15.4227 -15.2585 -15.256 -15.2486 -15.2482 -15.2273 -15.2175 -15.1985 -15.1944 -15.1813 -11.5386 -9.2528 -6.7751 -6.7395 -2.7549 -0.6167 2.2177 2.4318 4.5085 4.7626 5.0351 5.1512 5.368 5.384 5.5891 5.7355 5.8202 6.0863 9.7574 10.2563 11.3862 11.9094 13.1064 13.2189 14.8518 15.8088 15.9184 16.0527 18.2549 18.7353 19.0341 19.5474 20.3042 20.622 20.9797 
0.06 -15.4211 -15.2583 -15.2556 -15.2464 -15.2462 -15.2291 -15.2223 -15.1994 -15.1943 -15.1819 -11.4988 -9.2764 -6.7602 -6.7228 -2.7821 -0.6942 2.1964 2.5019 4.3884 4.7118 4.9207 5.0766 5.3353 5.429 5.601 5.8406 5.8616 6.1312 9.9122 10.3699 11.2431 11.9565 12.9886 13.0974 15.0189 15.9238 15.9328 16.1177 18.1405 18.6796 18.9307 19.4788 20.2635 20.7056 20.9626 
0.07 -15.4193 -15.2578 -15.2549 -15.2441 -15.2439 -15.2353 -15.2239 -15.2004 -15.1943 -15.1827 -11.4525 -9.3034 -6.7431 -6.7037 -2.8121 -0.7827 2.1717 2.5829 4.2652 4.6315 4.832 5.0075 5.2988 5.4688 5.6127 5.9031 5.9451 6.1695 10.0793 10.4974 11.096 12.0096 12.8696 12.965 15.1909 15.9259 16.0778 16.1589 18.0634 18.6344 18.8259 19.421 20.2522 20.7824 20.9515 
0.08 -15.4174 -15.2572 -15.254 -15.2439 -15.2416 -15.2414 -15.2238 -15.2014 -15.1942 -15.1836 -11.3999 -9.3336 -6.7241 -6.6825 -2.8442 -0.8807 2.144 2.6739 4.1399 4.5048 4.7923 4.9456 5.2597 5.5045 5.6234 5.942 6.0425 6.2001 10.2535 10.6355 10.9527 12.0677 12.7499 12.8277 15.3646 15.9259 16.1696 16.2431 18.0236 18.6036 18.7092 19.3986 20.2631 20.8571 20.949 
0.09 -15.4156 -15.2564 -15.2537 -15.2527 -15.2391 -15.2385 -15.2235 -15.2025 -15.1942 -15.1846 -11.3414 -9.3665 -6.7033 -6.6597 -2.8774 -0.9871 2.114 2.7737 4.0135 4.3538 4.7838 4.8921 5.2191 5.5372 5.6323 5.9757 6.1273 6.222 10.4263 10.78 10.824 12.1296 12.6296 12.6928 15.5373 15.926 16.1493 16.4277 18.0185 18.5692 18.5904 19.4303 20.2886 20.9324 20.9581 
0.1 -15.4139 -15.2641 -15.2554 -15.2511 -15.2363 -15.2355 -15.2231 -15.2035 -15.1941 -15.1856 -11.2774 -9.4018 -6.6811 -6.6355 -2.9108 -1.1007 2.0822 2.881 3.887 4.1962 4.792 4.8477 5.1784 5.5674 5.6392 6.0023 6.1945 6.2338 10.5553 10.7548 10.926 12.1944 12.5087 12.5683 15.7061 15.9291 16.103 16.6306 18.0434 18.4059 18.597 19.517 20.3212 20.9824 21.0097 
0.11 -15.4124 -15.2751 -15.2542 -15.249 -15.2336 -15.2322 -15.2227 -15.2045 -15.194 -15.1868 -11.2084 -9.4389 -6.6577 -6.6105 -2.9437 -1.2203 2.0495 2.994 3.7614 4.0396 4.8118 4.8127 5.1393 5.5947 5.645 6.0201 6.234 6.2394 10.5259 10.8613 11.0671 12.261 12.3871 12.4636 15.8684 15.9376 16.0386 16.8506 18.0935 18.2274 18.6247 19.6459 20.3537 21.0268 21.0886 
0.12 -15.4111 -15.2864 -15.253 -15.2464 -15.2307 -15.2288 -15.2225 -15.2054 -15.194 -15.188 -11.1349 -9.4774 -6.6335 -6.5851 -2.9752 -1.3449 2.017 3.1108 3.6375 3.8884 4.7868 4.8406 5.1035 5.6155 5.6536 6.0279 6.221 6.2586 10.4494 11.0334 11.1957 12.2646 12.3287 12.3888 15.9535 15.9648 16.0219 17.0863 18.0434 18.1639 18.6738 19.8004 20.3797 21.0842 21.0962 
0.13 -15.4101 -15.2979 -15.2516 -15.2434 -15.2279 -15.2253 -15.2225 -15.2062 -15.1939 -15.1892 -11.0574 -9.5169 -6.6087 -6.5596 -3.0047 -1.4733 1.9858 3.229 3.516 3.7457 4.7693 4.8766 5.0733 5.6235 5.6719 6.0239 6.1949 6.2496 10.3851 11.211 11.3038 12.1414 12.3534 12.3965 15.8891 15.9776 16.1648 17.3362 17.8622 18.2502 18.7433 19.9641 20.3959 20.8761 21.1937 
0.14 -15.4094 -15.3094 -15.2502 -15.2399 -15.225 -15.2227 -15.2217 -15.2067 -15.1938 -15.1905 -10.9765 -9.557 -6.5837 -6.5345 -3.0316 -1.6047 1.9572 3.3456 3.3978 3.6138 4.759 4.9184 5.0511 5.6219 5.6968 6.0039 6.1591 6.2119 10.3401 11.3846 11.3861 12.0174 12.3629 12.4638 15.8174 16.0102 16.2961 17.5987 17.6909 18.3486 18.831 20.1198 20.4059 20.675 21.3179 
0.15 -15.4091 -15.3208 -15.2487 -15.2359 -15.2233 -15.2222 -15.2181 -15.207 -15.1937 -15.1917 -10.893 -9.5971 -6.5588 -6.5102 -3.0554 -1.738 1.9325 3.2836 3.4573 3.4946 4.7542 4.9643 5.0398 5.6157 5.7238 5.9605 6.1219 6.1471 10.3145 11.4445 11.5501 11.8928 12.4141 12.5298 15.7542 16.0504 16.4153 17.5355 17.8719 18.4557 18.9331 20.2363 20.4333 20.4957 21.4504 
0.16 -15.4091 -15.332 -15.2473 -15.2316 -15.2242 -15.2195 -15.2144 -15.207 -15.1936 -15.1929 -10.8076 -9.6369 -6.5344 -6.4871 -3.0758 -1.8722 1.913 3.174 3.3896 3.5601 4.7523 5.0123 5.0427 5.6071 5.7511 5.889 6.0584 6.0905 10.306 11.4879 11.7039 11.7679 12.4957 12.594 15.7028 16.0969 16.5228 17.4011 18.154 18.5684 19.0452 20.2687 20.3465 20.5199 21.5509 
0.17 -15.4094 -15.3428 -15.2459 -15.2269 -15.2253 -15.2169 -15.2108 -15.2068 -15.194 -15.1934 -10.721 -9.6759 -6.5106 -6.4654 -3.0927 -2.0061 1.9 3.0695 3.3002 3.6504 4.7497 5.0593 5.0627 5.5967 5.7781 5.7951 5.9512 6.0643 10.3111 11.5263 11.6432 11.8427 12.5934 12.6558 15.6659 16.1474 16.6191 17.2917 18.4428 18.6842 19.162 20.2347 20.2462 20.6359 21.5744 
0.18 -15.4099 -15.3532 -15.2445 -15.2266 -15.222 -15.2144 -15.2073 -15.2064 -15.1949 -15.1932 -10.6342 -9.7138 -6.4877 -6.4453 -3.106 -2.1386 1.8945 2.9708 3.2272 3.725 4.741 5.1003 5.1019 5.5852 5.6894 5.8046 5.8336 6.0401 10.3261 11.5192 11.5668 11.9633 12.6953 12.7147 15.6456 16.1995 16.7052 17.2099 18.7361 18.8014 19.2782 20.1657 20.2032 20.7473 21.6003 
0.19 -15.4107 -15.3631 -15.2433 -15.2281 -15.217 -15.2121 -15.2059 -15.204 -15.1957 -15.193 -10.5481 -9.7501 -6.466 -6.4272 -3.1159 -2.2685 1.8977 2.8783 3.1715 3.7822 4.7185 5.1257 5.1608 5.5731 5.5841 5.7182 5.8301 6.0161 10.3475 11.3966 11.6128 12.0627 12.7703 12.7929 15.6442 16.2505 16.7819 17.1565 18.9202 19.0312 19.3892 20.1423 20.1502 20.843 21.6315 
0.2 -15.4117 -15.3724 -15.2422 -15.2296 -15.2119 -15.2099 -15.2053 -15.201 -15.1963 -15.1926 -10.4637 -9.7846 -6.4457 -6.411 -3.1227 -2.3945 1.9104 2.7925 3.1333 3.8225 4.6726 5.1172 5.2376 5.4927 5.5607 5.6261 5.8544 5.9916 10.3721 11.2763 11.6651 12.1391 12.8222 12.8803 15.6632 16.2981 16.8498 17.1299 19.0434 19.3255 19.4916 20.0923 20.1631 20.9173 21.6682 
0.21 -15.4112 -15.3701 -15.2425 -15.2293 -15.2141 -15.2095 -15.2063 -15.2011 -15.1961 -15.1927 -10.4831 -9.7791 -6.4506 -6.415 -3.1181 -2.3652 1.9087 2.7961 3.1616 3.8123 4.6902 5.1242 5.2179 5.5145 5.5623 5.6472 5.8433 5.9969 10.3708 11.3025 11.6549 12.118 12.8108 12.859 15.6581 16.2815 16.8298 17.1278 19.0123 19.2589 19.4726 20.1018 20.1559 20.8943 21.62 
0.22 -15.4104 -15.3679 -15.2427 -15.2291 -15.2169 -15.2087 -15.2084 -15.2003 -15.1959 -15.1928 -10.4997 -9.7791 -6.4554 -6.4195 -3.1074 -2.3394 1.9125 2.7748 3.2228 3.7991 4.7084 5.128 5.2033 5.54 5.5615 5.6739 5.8226 6.0004 10.3795 11.3214 11.6519 12.0877 12.8009 12.8357 15.6576 16.2557 16.802 17.1139 18.9824 19.2085 19.4614 20.0979 20.1553 20.8513 21.5353 
0.23 -15.4093 -15.3658 -15.2429 -15.2291 -15.2197 -15.2109 -15.2078 -15.1992 -15.1956 -15.1929 -10.5134 -9.7844 -6.4601 -6.4242 -3.0911 -2.3172 1.9222 2.7437 3.3013 3.7844 4.7206 5.1279 5.1981 5.5573 5.5695 5.7052 5.7951 6.0024 10.3978 11.3333 11.6547 12.0496 12.7911 12.8111 15.6619 16.2226 16.7675 17.0883 18.9536 19.1767 19.4544 20.0762 20.1613 20.7857 21.4592 
0.24 -15.4078 -15.3638 -15.2431 -15.2292 -15.2226 -15.2136 -15.207 -15.1982 -15.1952 -15.1929 -10.5241 -9.7947 -6.4647 -6.4292 -3.0697 -2.2991 1.938 2.7122 3.387 3.7697 4.7202 5.1231 5.2061 5.5476 5.603 5.7347 5.7711 6.0033 10.4252 11.3397 11.661 12.0055 12.7797 12.7857 15.6707 16.1837 16.728 17.0521 18.9249 19.1641 19.4482 20.0325 20.1738 20.7041 21.4065 
0.25 -15.406 -15.3618 -15.2433 -15.2296 -15.2254 -15.2165 -15.2061 -15.1973 -15.1947 -15.1929 -10.5319 -9.8096 -6.469 -6.4343 -3.044 -2.285 1.9603 2.6847 3.4742 3.7559 4.7037 5.1119 5.2286 5.5296 5.6405 5.7251 5.7935 6.0038 10.4608 11.3423 11.6674 11.9568 12.7602 12.7655 15.6837 16.1406 16.6857 17.0073 18.8957 19.1693 19.4402 19.9644 20.1925 20.6191 21.3743 
0.26 -15.404 -15.3601 -15.2435 -15.2302 -15.2281 -15.2193 -15.2053 -15.1964 -15.1941 -15.1928 -10.5366 -9.8288 -6.473 -6.4394 -3.0145 -2.2752 1.9892 2.6636 3.5593 3.7436 4.6715 5.0915 5.2632 5.5029 5.6816 5.7052 5.8382 6.0048 10.5038 11.3427 11.6713 11.905 12.7352 12.7473 15.7001 16.0944 16.6426 16.9562 18.8653 19.1896 19.4287 19.8752 20.2167 20.54 21.3546 
0.27 -15.4017 -15.3585 -15.2437 -15.231 -15.2306 -15.2221 -15.2046 -15.1958 -15.1935 -15.1925 -10.5383 -9.8519 -6.4766 -6.4445 -2.9819 -2.2697 2.0251 2.6497 3.6398 3.7333 4.6266 5.0572 5.3057 5.4732 5.6926 5.7248 5.888 6.0079 10.5529 11.3417 11.6712 11.8516 12.7107 12.7244 15.7189 16.0461 16.601 16.9016 18.8337 19.2206 19.4136 19.7736 20.2455 20.469 21.3393 
0.28 -15.3993 -15.3571 -15.244 -15.233 -15.2321 -15.2247 -15.2038 -15.1953 -15.1929 -15.1921 -10.5369 -9.8784 -6.4799 -6.4495 -2.9469 -2.2683 2.0682 2.6437 3.7135 3.7248 4.5723 5.0042 5.3519 5.4496 5.6866 5.7672 5.9412 6.0159 10.607 11.3389 11.6669 11.798 12.6865 12.6963 15.7388 15.9969 16.5626 16.846 18.8015 19.2557 19.3961 19.6723 20.2778 20.4041 21.3222 
0.29 -15.3966 -15.356 -15.2443 -15.2352 -15.2335 -15.2271 -15.2031 -15.195 -15.1922 -15.1915 -10.5324 -9.9078 -6.4829 -6.4544 -2.9101 -2.2711 2.1184 2.6455 3.7181 3.7787 4.5116 4.9307 5.3984 5.4384 5.6849 5.8038 5.9967 6.0332 10.6646 11.3333 11.6601 11.7457 12.6617 12.6631 15.7585 15.9477 16.5288 16.7917 18.7696 19.2822 19.3783 19.5884 20.3119 20.3436 21.2988 
0.3 -15.3939 -15.3552 -15.2448 -15.2372 -15.2351 -15.2293 -15.2024 -15.1949 -15.1915 -15.1908 -10.5249 -9.9396 -6.4855 -6.459 -2.872 -2.2777 2.1759 2.655 3.7128 3.834 4.4471 4.8391 5.441 5.4434 5.6858 5.8292 6.0535 6.064 10.7243 11.3229 11.6537 11.6965 12.6248 12.6348 15.7763 15.8998 16.5006 16.7403 18.7392 19.2786 19.3629 19.5447 20.2873 20.3459 21.2671 
0.31 -15.391 -15.3547 -15.2453 -15.2388 -15.2368 -15.2313 -15.2017 -15.1949 -15.1908 -15.1901 -10.5144 -9.9735 -6.4876 -6.4634 -2.8332 -2.288 2.2402 2.6718 3.7082 3.8787 4.3811 4.7341 5.4553 5.4857 5.6885 5.8417 6.1084 6.111 10.7839 11.3059 11.6511 11.6527 12.5819 12.6044 15.7907 15.8546 16.4785 16.6932 18.7117 19.2365 19.3526 19.5485 20.2366 20.3772 21.2285 
0.32 -15.388 -15.3545 -15.2458 -15.2401 -15.2386 -15.2331 -15.201 -15.1949 -15.1901 -15.1894 -10.501 -10.009 -6.4894 -6.4676 -2.794 -2.3017 2.3111 2.6949 3.7034 3.9123 4.316 4.6205 5.478 5.5246 5.6921 5.8436 6.1621 6.1681 10.8412 11.2812 11.617 11.6552 12.535 12.5687 15.8005 15.8136 16.4626 16.6514 18.6883 19.1768 19.3495 19.5755 20.1936 20.4028 21.1872 
0.33 -15.385 -15.3547 -15.2464 -15.2411 -15.2403 -15.2347 -15.2004 -15.1949 -15.1895 -15.1888 -10.4848 -10.0456 -6.4908 -6.4715 -2.7549 -2.3186 2.3876 2.7236 3.6976 3.9343 4.2541 4.5032 5.5065 5.56 5.6963 5.8385 6.2194 6.2237 10.8933 11.2497 11.5927 11.6669 12.4851 12.5269 15.7781 15.8048 16.4527 16.6152 18.6702 19.1158 19.3552 19.6054 20.1598 20.4192 21.1494 
0.34 -15.3819 -15.3552 -15.247 -15.2419 -15.2419 -15.2363 -15.1998 -15.195 -15.1889 -15.1883 -10.4658 -10.0829 -6.4917 -6.475 -2.7162 -2.3382 2.4687 2.7563 3.6896 3.944 4.1982 4.3873 5.5382 5.5917 5.7007 5.8288 6.276 6.2766 10.937 11.2136 11.5833 11.6858 12.4332 12.4786 15.7492 15.8033 16.4481 16.5847 18.6583 19.0579 19.3707 19.631 20.1343 20.423 21.1225 
0.35 -15.3789 -15.356 -15.2475 -15.2433 -15.2424 -15.2377 -15.1992 -15.1952 -15.1884 -15.1878 -10.4441 -10.1205 -6.4923 -6.4783 -2.678 -2.3605 2.5525 2.7913 3.679 3.9388 4.1506 4.2799 5.5711 5.6195 5.7049 5.816 6.3255 6.3284 10.97 11.1758 11.5913 11.71 12.3805 12.4244 15.7276 15.7964 16.4481 16.5596 18.6537 19.0031 19.3961 19.6515 20.1138 20.4111 21.1125 
0.36 -15.3759 -15.3572 -15.2479 -15.2445 -15.2428 -15.239 -15.1986 -15.1954 -15.1879 -15.1874 -10.4199 -10.1581 -6.4925 -6.4812 -2.6407 -2.385 2.6364 2.8261 3.6663 3.9134 4.1133 4.1909 5.6036 5.6433 5.7084 5.8008 6.3689 6.3741 10.9922 11.139 11.6166 11.7371 12.3289 12.3663 15.7135 15.785 16.4517 16.539 18.6571 18.9499 19.4309 19.6679 20.0965 20.3822 21.123 
0.37 -15.373 -15.3587 -15.248 -15.2455 -15.243 -15.2402 -15.1981 -15.1957 -15.1875 -15.1871 -10.3934 -10.1953 -6.4923 -6.4838 -2.6042 -2.4116 2.7165 2.8573 3.6545 3.864 4.0872 4.1297 5.6345 5.6631 5.7109 5.7837 6.4051 6.411 11.0061 11.1054 11.6557 11.7635 12.2807 12.308 15.7069 15.7705 16.4579 16.5222 18.669 18.8976 19.4736 19.6781 20.0854 20.3374 21.153 
0.38 -15.3701 -15.3606 -15.248 -15.2463 -15.243 -15.2412 -15.1976 -15.196 -15.1872 -15.187 -10.3646 -10.2318 -6.4918 -6.4861 -2.5689 -2.44 2.7875 2.8801 3.6491 3.7986 4.0717 4.0947 5.6628 5.6787 5.7122 5.7649 6.4329 6.4379 11.0156 11.0768 11.7019 11.784 12.2394 12.2554 15.7071 15.7543 16.4659 16.5082 18.6896 18.8468 19.5218 19.6759 20.0889 20.2807 21.1982 
0.39 -15.3675 -15.3626 -15.2478 -15.247 -15.2429 -15.242 -15.1971 -15.1963 -15.187 -15.1869 -10.3339 -10.2672 -6.4909 -6.4881 -2.5346 -2.4701 2.8429 2.8887 3.6573 3.7345 4.0654 4.076 5.6861 5.6898 5.7141 5.7449 6.4508 6.4536 11.0248 11.0539 11.7465 11.7914 12.2106 12.217 15.7132 15.7383 16.475 16.496 18.7188 18.7989 19.572 19.6557 20.1141 20.2188 21.2521 
0.4 -15.3649 -15.3649 -15.2475 -15.2475 -15.2425 -15.2425 -15.1967 -15.1967 -15.1869 -15.1869 -10.3013 -10.3013 -6.4897 -6.4897 -2.5017 -2.5017 2.8773 2.8773 3.6853 3.6853 4.0669 4.0669 5.6949 5.6949 5.7252 5.7252 6.4579 6.4579 11.0369 11.0369 11.779 11.779 12.2013 12.2013 15.7241 15.7241 16.4851 16.4851 18.7556 18.7556 19.6189 19.6189 20.16 20.16 21.3082 
0.41 -15.3649 -15.3649 -15.2475 -15.2475 -15.2425 -15.2425 -15.1967 -15.1967 -15.1869 -15.1869 -10.3013 -10.3013 -6.4897 -6.4897 -2.5017 -2.5017 2.878 2.878 3.6853 3.6853 4.0654 4.0654 5.6948 5.6948 5.726 5.726 6.458 6.458 11.0361 11.0361 11.7791 11.7791 12.2006 12.2006 15.7277 15.7277 16.4869 16.4869 18.7534 18.7534 19.6177 19.6177 20.1619 20.1619 21.3049 
0.42 -15.3649 -15.3649 -15.2475 -15.2475 -15.2425 -15.2425 -15.1967 -15.1967 -15.1869 -15.1869 -10.3013 -10.3013 -6.4897 -6.4897 -2.5016 -2.5016 2.8803 2.8803 3.6853 3.6853 4.0609 4.0609 5.6947 5.6947 5.7283 5.7283 6.4583 6.4583 11.0338 11.0338 11.7797 11.7797 12.1985 12.1985 15.7386 15.7386 16.4923 16.4923 18.7468 18.7468 19.6142 19.6142 20.1672 20.1672 21.2946 
0.43 -15.3649 -15.3649 -15.2475 -15.2475 -15.2425 -15.2425 -15.1967 -15.1967 -15.1869 -15.1869 -10.3013 -10.3013 -6.4898 -6.4898 -2.5014 -2.5014 2.8841 2.8841 3.6854 3.6854 4.0536 4.0536 5.6945 5.6945 5.7321 5.7321 6.4588 6.4588 11.0299 11.0299 11.7806 11.7806 12.195 12.195 15.7565 15.7565 16.5013 16.5013 18.7361 18.7361 19.6083 19.6083 20.1759 20.1759 21.2773 
0.44 -15.3649 -15.3649 -15.2475 -15.2475 -15.2425 -15.2425 -15.1967 -15.1967 -15.1869 -15.1869 -10.3013 -10.3013 -6.49 -6.49 -2.5012 -2.5012 2.8892 2.8892 3.6855 3.6855 4.0435 4.0435 5.6942 5.6942 5.7372 5.7372 6.4595 6.4595 11.0247 11.0247 11.7818 11.7818 12.1903 12.1903 15.781 15.781 16.5138 16.5138 18.7217 18.7217 19.5999 19.5999 20.1875 20.1875 21.2527 
0.45 -15.3649 -15.3649 -15.2475 -15.2475 -15.2425 -15.2425 -15.1967 -15.1967 -15.1869 -15.1869 -10.3013 -10.3013 -6.4901 -6.4901 -2.501 -2.501 2.8958 2.8958 3.6857 3.6857 4.031 4.031 5.6938 5.6938 5.7434 5.7434 6.4604 6.4604 11.0181 11.0181 11.7834 11.7834 12.1845 12.1845 15.8115 15.8115 16.5298 16.5298 18.7042 18.7042 19.5887 19.5887 20.2015 20.2015 21.2204 
0.46 -15.3649 -15.3649 -15.2475 -15.2475 -15.2425 -15.2425 -15.1966 -15.1966 -15.1869 -15.1869 -10.3012 -10.3012 -6.4903 -6.4903 -2.5007 -2.5007 2.9036 2.9036 3.6858 3.6858 4.0163 4.0163 5.6934 5.6934 5.7506 5.7506 6.4614 6.4614 11.0105 11.0105 11.7852 11.7852 12.1778 12.1778 15.8473 15.8473 16.5493 16.5493 18.6841 18.6841 19.5745 19.5745 20.2174 20.2174 21.1801 
0.47 -15.3649 -15.3649 -15.2475 -15.2475 -15.2425 -15.2425 -15.1966 -15.1966 -15.1869 -15.1869 -10.3012 -10.3012 -6.4905 -6.4905 -2.5004 -2.5004 2.9126 2.9126 3.686 3.686 3.9996 3.9996 5.6929 5.6929 5.7586 5.7586 6.4627 6.4627 11.002 11.002 11.7872 11.7872 12.1704 12.1704 15.8875 15.8875 16.5721 16.5721 18.6622 18.6622 19.5571 19.5571 20.2346 20.2346 21.1316 
0.48 -15.3649 -15.3649 -15.2475 -15.2475 -15.2425 -15.2425 -15.1966 -15.1966 -15.1869 -15.1869 -10.3012 -10.3012 -6.4908 -6.4908 -2.5 -2.5 2.9225 2.9225 3.6862 3.6862 3.9815 3.9815 5.6924 5.6924 5.7671 5.7671 6.464 6.464 10.9927 10.9927 11.7894 11.7894 12.1625 12.1625 15.931 15.931 16.5983 16.5983 18.6391 18.6391 19.5362 19.5362 20.2526 20.2526 21.0754 
0.49 -15.3649 -15.3649 -15.2475 -15.2475 -15.2425 -15.2425 -15.1966 -15.1966 -15.1869 -15.1869 -10.3011 -10.3011 -6.491 -6.491 -2.4997 -2.4997 2.9333 2.9333 3.6864 3.6864 3.9622 3.9622 5.6918 5.6918 5.7758 5.7758 6.4655 6.4655 10.983 10.983 11.7917 11.7917 12.1543 12.1543 15.9768 15.9768 16.6276 16.6276 18.6154 18.6154 19.5117 19.5117 20.2708 20.2708 21.0125 
0.5 -15.3649 -15.3649 -15.2475 -15.2475 -15.2425 -15.2425 -15.1966 -15.1966 -15.1869 -15.1869 -10.3011 -10.3011 -6.4913 -6.4913 -2.4993 -2.4993 2.9448 2.9448 3.6866 3.6866 3.9422 3.9422 5.6913 5.6913 5.7846 5.7846 6.4671 6.4671 10.9731 10.9731 11.7941 11.7941 12.1461 12.1461 16.0234 16.0234 16.66 16.66 18.5918 18.5918 19.4832 19.4832 20.2888 20.2888 20.945 
0.51 -15.3649 -15.3649 -15.2476 -15.2476 -15.2425 -15.2425 -15.1966 -15.1966 -15.1869 -15.1869 -10.3011 -10.3011 -6.4915 -6.4915 -2.4989 -2.4989 2.9566 2.9566 3.6868 3.6868 3.9219 3.9219 5.6907 5.6907 5.7932 5.7932 6.4688 6.4688 10.9631 10.9631 11.7965 11.7965 12.138 12.138 16.0697 16.0697 16.6952 16.6952 18.5687 18.5687 19.4511 19.4511 20.3062 20.3062 20.8755 
0.52 -15.3649 -15.3649 -15.2476 -15.2476 -15.2425 -15.2425 -15.1966 -15.1966 -15.1869 -15.1869 -10.301 -10.301 -6.4918 -6.4918 -2.4986 -2.4986 2.9686 2.9686 3.687 3.687 3.9018 3.9018 5.6902 5.6902 5.8014 5.8014 6.4704 6.4704 10.9535 10.9535 11.7988 11.7988 12.1302 12.1302 16.1142 16.1142 16.7326 16.7326 18.5467 18.5467 19.4155 19.4155 20.3225 20.3225 20.8069 
0.53 -15.3649 -15.3649 -15.2476 -15.2476 -15.2425 -15.2425 -15.1966 -15.1966 -15.1869 -15.1869 -10.301 -10.301 -6.492 -6.492 -2.4982 -2.4982 2.9803 2.9803 3.6871 3.6871 3.8824 3.8824 5.6896 5.6896 5.8091 5.8091 6.472 6.472 10.9443 10.9443 11.801 11.801 12.1229 12.1229 16.1558 16.1558 16.7716 16.7716 18.5263 18.5263 19.3772 19.3772 20.3376 20.3376 20.7419 
0.54 -15.3649 -15.3649 -15.2476 -15.2476 -15.2425 -15.2425 -15.1966 -15.1966 -15.1869 -15.1869 -10.301 -10.301 -6.4922 -6.4922 -2.4979 -2.4979 2.9916 2.9916 3.6873 3.6873 3.8642 3.8642 5.6891 5.6891 5.8161 5.8161 6.4736 6.4736 10.9359 10.9359 11.803 11.803 12.1163 12.1163 16.1934 16.1934 16.811 16.811 18.5078 18.5078 19.3374 19.3374 20.351 20.351 20.6828 
0.55 -15.3649 -15.3649 -15.2476 -15.2476 -15.2425 -15.2425 -15.1966 -15.1966 -15.1869 -15.1869 -10.3009 -10.3009 -6.4924 -6.4924 -2.4976 -2.4976 3.002 3.002 3.6875 3.6875 3.8477 3.8477 5.6887 5.6887 5.8222 5.8222 6.475 6.475 10.9283 10.9283 11.8049 11.8049 12.1104 12.1104 16.2262 16.2262 16.8494 16.8494 18.4916 18.4916 19.2978 19.2978 20.3627 20.3627 20.6313 
0.56 -15.3649 -15.3649 -15.2476 -15.2476 -15.2425 -15.2425 -15.1966 -15.1966 -15.1869 -15.1869 -10.3009 -10.3009 -6.4926 -6.4926 -2.4974 -2.4974 3.0112 3.0112 3.6876 3.6876 3.8333 3.8333 5.6883 5.6883 5.8274 5.8274 6.4762 6.4762 10.9219 10.9219 11.8064 11.8064 12.1055 12.1055 16.2536 16.2536 16.8849 16.8849 18.478 18.478 19.2606 19.2606 20.3725 20.3725 20.5885 
0.57 -15.3649 -15.3649 -15.2476 -15.2476 -15.2425 -15.2425 -15.1966 -15.1966 -15.1869 -15.1869 -10.3009 -10.3009 -6.4927 -6.4927 -2.4972 -2.4972 3.0188 3.0188 3.6877 3.6877 3.8216 3.8216 5.688 5.688 5.8315 5.8315 6.4772 6.4772 10.9168 10.9168 11.8077 11.8077 12.1016 12.1016 16.2751 16.2751 16.9155 16.9155 18.4671 18.4671 19.2281 19.2281 20.3802 20.3802 20.5549 
0.58 -15.365 -15.365 -15.2476 -15.2476 -15.2425 -15.2425 -15.1966 -15.1966 -15.1869 -15.1869 -10.3009 -10.3009 -6.4928 -6.4928 -2.4971 -2.4971 3.0245 3.0245 3.6878 3.6878 3.8128 3.8128 5.6878 5.6878 5.8345 5.8345 6.478 6.478 10.913 10.913 11.8086 11.8086 12.0987 12.0987 16.2906 16.2906 16.9392 16.9392 18.4593 18.4593 19.2028 19.2028 20.3858 20.3858 20.5309 
0.59 -15.365 -15.365 -15.2476 -15.2476 -15.2425 -15.2425 -15.1966 -15.1966 -15.1869 -15.1869 -10.3009 -10.3009 -6.4929 -6.4929 -2.497 -2.497 3.0281 3.0281 3.6878 3.6878 3.8075 3.8075 5.6877 5.6877 5.8363 5.8363 6.4784 6.4784 10.9107 10.9107 11.8091 11.8091 12.0969 12.0969 16.3 16.3 16.9543 16.9543 18.4545 18.4545 19.1867 19.1867 20.3891 20.3891 20.5165 
0.6 -15.365 -15.365 -15.2476 -15.2476 -15.2426 -15.2426 -15.1966 -15.1966 -15.1869 -15.1869 -10.3009 -10.3009 -6.4929 -6.4929 -2.497 -2.497 3.0293 3.0293 3.6878 3.6878 3.8057 3.8057 5.6877 5.6877 5.8369 5.8369 6.4786 6.4786 10.9099 10.9099 11.8093 11.8093 12.0964 12.0964 16.3031 16.3031 16.9594 16.9594 18.4529 18.4529 19.1811 19.1811 20.3902 20.3902 20.5117 
0.61 -15.3719 -15.3574 -15.2489 -15.2463 -15.2438 -15.2412 -15.1981 -15.1957 -15.187 -15.1866 -10.4014 -10.2015 -6.5102 -6.4796 -2.5808 -2.4024 2.9419 3.12 3.572 3.8046 3.8061 3.8193 5.6615 5.7103 5.8329 5.8401 6.437 6.5108 10.8928 10.9421 11.7622 11.8666 12.0574 12.1028 16.2508 16.3613 16.9367 16.9873 18.3046 18.6142 19.1079 19.2552 20.2304 20.2947 20.4885 
0.62 -15.3781 -15.3491 -15.2502 -15.245 -15.245 -15.2396 -15.2003 -15.1955 -15.1871 -15.1864 -10.5022 -10.104 -6.5313 -6.4704 -2.6532 -2.2979 2.8582 3.2139 3.4577 3.821 3.8462 3.9215 5.6323 5.7294 5.8274 5.8434 6.3875 6.5321 10.8929 10.9865 11.7249 11.934 11.9871 12.0771 16.205 16.4242 16.9167 17.0215 18.1714 18.7857 19.0431 19.3208 19.8802 20.2049 20.5212 
0.63 -15.3838 -15.3403 -15.2515 -15.2461 -15.2437 -15.238 -15.203 -15.196 -15.1872 -15.1862 -10.6026 -10.0093 -6.5561 -6.465 -2.714 -2.1845 2.7784 3.3111 3.3458 3.8506 3.8852 4.0377 5.6003 5.7448 5.8195 5.8473 6.332 6.5416 10.9113 11.0404 11.6969 11.8876 12.0114 12.0214 16.1653 16.4904 16.8964 17.0613 18.055 18.963 18.9925 19.3659 19.5096 20.1255 20.3569 
0.64 -15.3889 -15.3309 -15.2528 -15.2471 -15.2424 -15.2362 -15.2063 -15.1972 -15.1871 -15.1859 -10.7019 -9.9179 -6.5841 -6.4634 -2.763 -2.0634 2.7031 3.2368 3.4117 3.8945 3.935 4.1523 5.5662 5.7567 5.8083 5.8523 6.2722 6.539 10.9474 11.1006 11.6774 11.762 11.94 12.0983 16.13 16.5581 16.8733 17.1043 17.957 18.9575 19.1384 19.1404 19.3761 20.064 20.2041 
0.65 -15.3934 -15.321 -15.254 -15.2481 -15.2412 -15.2343 -15.2099 -15.199 -15.187 -15.1858 -10.7991 -9.8305 -6.6148 -6.4651 -2.8004 -1.9359 2.6329 3.1313 3.5155 3.9522 3.9947 4.2644 5.5307 5.7652 5.793 5.8586 6.21 6.5249 10.9973 11.1638 11.6142 11.6656 11.8408 12.1938 16.0947 16.6251 16.8474 17.1462 17.8784 18.7625 18.9625 19.2974 19.3387 20.0344 20.1021 
0.66 -15.3975 -15.3107 -15.2551 -15.249 -15.24 -15.2323 -15.2139 -15.2013 -15.1867 -15.1857 -10.8938 -9.7478 -6.6477 -6.4698 -2.8266 -1.8037 2.5682 3.03 3.6219 4.0228 4.0633 4.373 5.4946 5.7706 5.7726 5.8652 6.1475 6.5005 11.0499 11.2253 11.4501 11.6604 11.7388 12.297 16.0522 16.6893 16.8232 17.1795 17.8205 18.4202 18.975 19.2575 19.415 20.0609 20.0612 
0.67 -15.4012 -15.3002 -15.2561 -15.2499 -15.2389 -15.2302 -15.2181 -15.2041 -15.1863 -15.1856 -10.9851 -9.6702 -6.6821 -6.477 -2.8423 -1.6684 2.5096 2.9333 3.73 4.1051 4.1407 4.477 5.459 5.7463 5.7732 5.8698 6.0881 6.4679 11.0777 11.2294 11.3268 11.6606 11.665 12.4065 15.993 16.748 16.8103 17.1896 17.7842 18.1096 19.0155 19.1529 19.4715 20.0685 20.1617 
0.68 -15.4046 -15.2896 -15.257 -15.2507 -15.2377 -15.2279 -15.2223 -15.2072 -15.1859 -15.1857 -11.0724 -9.5981 -6.7173 -6.4864 -2.8483 -1.5318 2.4576 2.8418 3.8381 4.1975 4.2275 4.5749 5.4249 5.7138 5.7735 5.8653 6.039 6.4294 11.0387 11.0535 11.3688 11.6644 11.6651 12.5208 15.9091 16.7988 16.8195 17.1456 17.7702 17.8653 19.0443 19.0807 19.4799 20.1073 20.3221 
0.69 -15.4077 -15.2793 -15.2578 -15.2515 -15.2364 -15.2266 -15.2256 -15.2105 -15.1859 -15.1853 -11.1551 -9.5319 -6.7527 -6.4973 -2.8458 -1.3959 2.4123 2.7559 3.9439 4.298 4.3245 4.6653 5.394 5.6749 5.7717 5.8401 6.012 6.3878 10.8505 10.925 11.4255 11.6728 11.7473 12.6381 15.7987 16.8391 16.8573 17.0079 17.7281 17.7792 18.9418 19.1688 19.4667 20.1652 20.5122 
0.7 -15.4105 -15.2695 -15.2585 -15.2523 -15.2349 -15.2307 -15.2232 -15.2139 -15.1862 -15.1847 -11.2326 -9.4718 -6.7875 -6.5092 -2.8361 -1.2625 2.3741 2.676 4.0458 4.4039 4.4326 4.7464 5.3678 5.631 5.7685 5.7909 6.0093 6.3452 10.6402 10.7675 11.4796 11.6827 11.8845 12.7566 15.6671 16.7882 16.8678 16.924 17.6864 17.8114 18.8487 19.2778 19.4488 20.2309 20.7111 
0.71 -15.4132 -15.261 -15.259 -15.253 -15.2347 -15.2327 -15.2208 -15.2172 -15.1866 -15.184 -11.3045 -9.4178 -6.821 -6.5218 -2.8206 -1.1338 2.3429 2.6026 4.1427 4.5116 4.5512 4.8158 5.3486 5.5844 5.7271 5.7641 6.0207 6.3035 10.4273 10.5909 11.5296 11.6937 12.0529 12.874 15.5232 16.5371 16.8823 17.0155 17.691 17.867 18.7669 19.4056 19.4345 20.2896 20.9044 
0.72 -15.4157 -15.2593 -15.2545 -15.2537 -15.2384 -15.2293 -15.2201 -15.2183 -15.1872 -15.1833 -11.3702 -9.37 -6.8527 -6.5344 -2.8008 -1.0118 2.3185 2.536 4.2353 4.6162 4.6782 4.8713 5.3386 5.5399 5.6558 5.759 6.0378 6.2635 10.2159 10.4084 11.575 11.7052 12.2402 12.988 15.376 16.2829 16.8834 17.1253 17.7127 17.9457 18.6982 19.4276 19.5506 20.3206 21.0808 
0.73 -15.4181 -15.2595 -15.2543 -15.2508 -15.2418 -15.2242 -15.2225 -15.2158 -15.1879 -15.1826 -11.4293 -9.3284 -6.8821 -6.5467 -2.7785 -0.8985 2.3005 2.4764 4.3251 4.7107 4.8102 4.9114 5.3391 5.5047 5.5798 5.7536 6.0564 6.2253 10.0098 10.2282 11.6157 11.7163 12.4388 13.0963 15.2332 16.038 16.8715 17.2461 17.7391 18.0471 18.6461 19.4298 19.7115 20.3013 21.0145 
0.74 -15.4202 -15.2595 -15.2549 -15.2494 -15.2448 -15.2244 -15.218 -15.2134 -15.1888 -15.182 -11.4813 -9.2927 -6.9085 -6.5583 -2.7551 -0.7959 2.2882 2.4242 4.4135 4.786 4.9363 4.9428 5.3496 5.4881 5.5001 5.7482 6.0743 6.1885 9.8137 10.0564 11.6516 11.7267 12.6427 13.1965 15.1007 15.8075 16.8484 17.3683 17.7647 18.1702 18.6164 19.4414 19.8872 20.2216 20.8829 
0.75 -15.4222 -15.2594 -15.2554 -15.2494 -15.2475 -15.2257 -15.2117 -15.211 -15.1898 -15.1813 -11.526 -9.263 -6.9316 -6.5687 -2.7322 -0.7057 2.2807 2.3797 4.5021 4.8341 4.9488 5.0709 5.3674 5.4171 5.4987 5.7431 6.0902 6.152 9.6322 9.8984 11.6827 11.7359 12.8458 13.2861 14.983 15.5944 16.8167 17.481 17.7872 18.3137 18.6172 19.4613 20.0767 20.0919 20.6881 
0.76 -15.4238 -15.2591 -15.2558 -15.2501 -15.2499 -15.2266 -15.2087 -15.2059 -15.1909 -15.1808 -11.563 -9.2389 -6.951 -6.5776 -2.7113 -0.6295 2.277 2.3429 4.5916 4.8539 4.9531 5.1889 5.331 5.3881 5.5375 5.7385 6.1033 6.1151 9.4711 9.7595 11.7089 11.7436 13.0413 13.363 14.8832 15.4013 16.7805 17.5731 17.8057 18.4753 18.6566 19.4872 19.9321 20.2789 20.4559 
0.77 -15.4252 -15.2587 -15.2561 -15.2519 -15.2511 -15.2271 -15.2066 -15.2011 -15.192 -15.1804 -11.5921 -9.2204 -6.9664 -6.5849 -2.6936 -0.5687 2.2759 2.3142 4.6826 4.8534 4.9529 5.2422 5.2907 5.4079 5.5952 5.7347 6.0773 6.1132 9.3363 9.6446 11.7299 11.7498 13.2199 13.4251 14.8036 15.2321 16.7446 17.6379 17.8199 18.6512 18.738 19.5155 19.7582 20.2118 20.4922 
0.78 -15.4262 -15.2581 -15.2564 -15.2537 -15.252 -15.2273 -15.2048 -15.1975 -15.1932 -15.18 -11.613 -9.2073 -6.9775 -6.5902 -2.6802 -0.5245 2.2761 2.2936 4.775 4.8442 4.951 5.1512 5.3698 5.4239 5.6576 5.7319 6.0397 6.1199 9.2341 9.5585 11.7452 11.7542 13.3689 13.4708 14.7458 15.0944 16.714 17.6764 17.8299 18.8335 18.8555 19.5414 19.5812 19.9755 20.7138 
0.79 -15.4268 -15.2573 -15.2565 -15.2551 -15.2526 -15.2275 -15.2035 -15.1952 -15.1941 -15.1798 -11.6256 -9.1995 -6.9843 -6.5935 -2.6719 -0.4977 2.2767 2.2811 4.8353 4.8682 4.9492 5.0588 5.4202 5.4341 5.7087 5.7302 6.0077 6.1236 9.17 9.5051 11.7546 11.7569 13.4712 13.4987 14.7108 15.0011 16.6935 17.6953 17.8358 18.9918 18.9999 19.4137 19.5599 19.775 20.9353 
0.8 -15.427 -15.2566 -15.2566 -15.2561 -15.2528 -15.2275 -15.203 -15.1945 -15.1945 -15.1798 -11.6298 -9.1969 -6.9865 -6.5946 -2.669 -0.4887 2.277 2.277 4.8318 4.9485 4.9485 4.9786 5.4376 5.4376 5.7296 5.7296 5.9939 6.1248 9.1481 9.4869 11.7578 11.7578 13.5081 13.5081 14.6991 14.9674 16.6863 17.7008 17.8377 19.0806 19.0806 19.3154 19.5666 19.6827 21.0831 
0.81 -15.427 -15.2566 -15.2566 -15.2561 -15.2528 -15.2275 -15.203 -15.1945 -15.1945 -15.1798 -11.6298 -9.1969 -6.986 -6.5952 -2.6692 -0.4883 2.2769 2.2769 4.8328 4.9493 4.9493 4.9787 5.4376 5.4376 5.7288 5.7288 5.9927 6.1229 9.1491 9.4902 11.758 11.758 13.5082 13.5082 14.6921 14.9753 16.6791 17.6055 17.932 19.0797 19.0797 19.329 19.5612 19.689 21.0818 
0.82 -15.427 -15.2566 -15.2566 -15.2561 -15.2528 -15.2275 -15.203 -15.1945 -15.1945 -15.1798 -11.6298 -9.1969 -6.9842 -6.5971 -2.6695 -0.4872 2.2768 2.2768 4.8357 4.9515 4.9515 4.9787 5.4377 5.4377 5.7263 5.7263 5.9891 6.1172 9.1521 9.4998 11.7587 11.7587 13.5086 13.5086 14.6734 14.9968 16.6579 17.4642 18.0706 19.0772 19.0772 19.3691 19.5476 19.7053 21.0781 
0.83 -15.427 -15.2566 -15.2566 -15.2561 -15.2528 -15.2275 -15.203 -15.1945 -15.1945 -15.1798 -11.6299 -9.1969 -6.9814 -6.6002 -2.67 -0.4855 2.2765 2.2765 4.8405 4.9552 4.9552 4.9787 5.4378 5.4378 5.7222 5.7222 5.9831 6.1078 9.157 9.5154 11.7598 11.7598 13.5091 13.5091 14.6472 15.0275 16.6241 17.3192 18.2111 19.0732 19.0732 19.4341 19.5301 19.7274 21.0721 
0.84 -15.427 -15.2566 -15.2566 -15.2561 -15.2528 -15.2275 -15.203 -15.1945 -15.1945 -15.1798 -11.6299 -9.1969 -6.9774 -6.6045 -2.6708 -0.483 2.2761 2.2761 4.8473 4.9603 4.9603 4.9787 5.4379 5.4379 5.7165 5.7165 5.9747 6.0951 9.1639 9.5365 11.7613 11.7613 13.5099 13.5099 14.6171 15.0638 16.5796 17.1751 18.3497 19.0677 19.0677 19.5111 19.5214 19.7527 21.0644 
0.85 -15.427 -15.2566 -15.2566 -15.2561 -15.2528 -15.2275 -15.203 -15.1945 -15.1945 -15.1798 -11.6299 -9.1969 -6.9723 -6.61 -2.6717 -0.48 2.2756 2.2756 4.8558 4.9667 4.9667 4.9787 5.4381 5.4381 5.7093 5.7093 5.964 6.0796 9.1728 9.5626 11.7631 11.7631 13.5108 13.5108 14.5853 15.1033 16.5264 17.0336 18.4851 19.0609 19.0609 19.4918 19.6276 19.7799 21.0555 
0.86 -15.427 -15.2566 -15.2566 -15.2561 -15.2528 -15.2275 -15.203 -15.1945 -15.1945 -15.1798 -11.63 -9.1969 -6.9662 -6.6167 -2.6728 -0.4765 2.275 2.275 4.8661 4.9744 4.9744 4.9787 5.4384 5.4384 5.7007 5.7007 5.9512 6.0617 9.1835 9.5927 11.7653 11.7653 13.5119 13.5119 14.5534 15.1444 16.4669 16.896 18.6169 19.053 19.053 19.473 19.7493 19.8082 21.0461 
0.87 -15.427 -15.2566 -15.2566 -15.2561 -15.2528 -15.2275 -15.203 -15.1945 -15.1945 -15.1798 -11.6301 -9.1969 -6.959 -6.6245 -2.674 -0.4726 2.2743 2.2743 4.878 4.9788 4.9832 4.9832 5.4387 5.4387 5.6908 5.6908 5.936 6.0422 9.1959 9.6261 11.7677 11.7677 13.5131 13.5131 14.5221 15.186 16.4032 16.7632 18.7448 19.0442 19.0442 19.455 19.8372 19.8826 21.0372 
0.88 -15.427 -15.2566 -15.2566 -15.2561 -15.2528 -15.2275 -15.203 -15.1945 -15.1945 -15.1798 -11.6302 -9.1969 -6.9508 -6.6333 -2.6753 -0.4683 2.2736 2.2736 4.8914 4.9788 4.993 4.993 5.439 5.439 5.6798 5.6798 5.9187 6.0218 9.2096 9.662 11.7703 11.7703 13.5145 13.5145 14.492 15.2273 16.3371 16.6363 18.8686 19.0349 19.0349 19.438 19.8665 20.0234 21.0298 
0.89 -15.427 -15.2566 -15.2566 -15.2561 -15.2528 -15.2276 -15.203 -15.1945 -15.1945 -15.1798 -11.6302 -9.1969 -6.9417 -6.6431 -2.6766 -0.4639 2.2729 2.2729 4.906 4.9788 5.0036 5.0036 5.4395 5.4395 5.6678 5.6678 5.8991 6.0014 9.2245 9.6995 11.7731 11.7731 13.5159 13.5159 14.4635 15.2678 16.2703 16.5163 18.9878 19.0251 19.0251 19.422 19.8957 20.1676 21.0251 
0.9 -15.427 -15.2566 -15.2566 -15.2561 -15.2528 -15.2276 -15.203 -15.1945 -15.1945 -15.1798 -11.6303 -9.1969 -6.9316 -6.6538 -2.678 -0.4593 2.2721 2.2721 4.9218 4.9789 5.0149 5.0149 5.44 5.44 5.6551 5.6551 5.8774 5.9816 9.24 9.7376 11.7759 11.7759 13.5173 13.5173 14.4369 15.3069 16.204 16.404 19.0153 19.0153 19.102 19.4073 19.9245 20.3101 21.0247 
0.91 -15.427 -15.2566 -15.2566 -15.2561 -15.2528 -15.2276 -15.203 -15.1945 -15.1945 -15.1798 -11.6304 -9.1969 -6.9208 -6.6653 -2.6794 -0.4547 2.2714 2.2714 4.9384 4.9789 5.0266 5.0266 5.4407 5.4407 5.6419 5.6419 5.8539 5.9631 9.2558 9.7756 11.7787 11.7787 13.5188 13.5188 14.4124 15.344 16.1393 16.3008 19.0056 19.0056 19.2104 19.3938 19.9526 20.4454 21.0307 
0.92 -15.427 -15.2566 -15.2566 -15.2561 -15.2528 -15.2276 -15.203 -15.1945 -15.1945 -15.1798 -11.6305 -9.1969 -6.9091 -6.6776 -2.6808 -0.4502 2.2706 2.2706 4.9555 4.9789 5.0384 5.0384 5.4415 5.4415 5.6284 5.6284 5.8292 5.9462 9.2714 9.8125 11.7815 11.7815 13.5202 13.5202 14.39 15.3787 16.0767 16.2077 18.9962 18.9962 19.3123 19.3817 19.9796 20.5666 21.0461 
0.93 -15.427 -15.2566 -15.2566 -15.2561 -15.2528 -15.2276 -15.203 -15.1945 -15.1945 -15.1798 -11.6306 -9.1969 -6.8968 -6.6905 -2.682 -0.4459 2.2699 2.2699 4.9727 4.979 5.0501 5.0501 5.4424 5.4424 5.615 5.615 5.8041 5.931 9.2865 9.8474 11.7841 11.7841 13.5216 13.5216 14.3701 15.4105 16.0167 16.1261 18.9875 18.9875 19.3709 19.4065 20.0051 20.6667 21.0731 
0.94 -15.427 -15.2566 -15.2566 -15.2561 -15.2528 -15.2276 -15.203 -15.1945 -15.1945 -15.1798 -11.6306 -9.1969 -6.8839 -6.704 -2.6832 -0.442 2.2693 2.2693 4.979 4.9896 5.0614 5.0614 5.4434 5.4434 5.6019 5.6019 5.7795 5.9177 9.3006 9.8797 11.7865 11.7865 13.5228 13.5228 14.3526 15.4391 15.9597 16.0571 18.9794 18.9794 19.3615 19.4919 20.0287 20.7414 21.1122 
0.95 -15.427 -15.2566 -15.2566 -15.2561 -15.2528 -15.2276 -15.203 -15.1945 -15.1945 -15.1798 -11.6307 -9.1969 -6.8705 -6.718 -2.6842 -0.4385 2.2687 2.2687 4.979 5.0055 5.0719 5.0719 5.4446 5.4446 5.5896 5.5896 5.7562 5.9064 9.3132 9.9084 11.7886 11.7886 13.5239 13.5239 14.3377 15.464 15.9068 16.001 18.9724 18.9724 19.3535 19.567 20.0498 20.7929 21.096 
0.96 -15.427 -15.2566 -15.2566 -15.2561 -15.2528 -15.2276 -15.203 -15.1945 -15.1945 -15.1798 -11.6308 -9.1969 -6.8567 -6.7322 -2.6851 -0.4355 2.2682 2.2682 4.9791 5.0199 5.0811 5.0811 5.4458 5.4458 5.5785 5.5785 5.7354 5.897 9.3241 9.9329 11.7905 11.7905 13.5249 13.5249 14.3255 15.4848 15.86 15.9568 18.9664 18.9664 19.3469 19.6307 20.068 20.8279 21.0805 
0.97 -15.427 -15.2566 -15.2566 -15.2561 -15.2528 -15.2276 -15.203 -15.1945 -15.1945 -15.1798 -11.6308 -9.1969 -6.8427 -6.7465 -2.6858 -0.4331 2.2678 2.2678 4.9791 5.0321 5.0889 5.0889 5.447 5.447 5.5692 5.5692 5.7179 5.8896 9.3329 9.9527 11.7919 11.7919 13.5257 13.5257 14.3159 15.5014 15.8215 15.9235 18.9616 18.9616 19.3418 19.6816 20.0828 20.8521 21.0678 
0.98 -15.427 -15.2566 -15.2566 -15.2561 -15.2528 -15.2276 -15.203 -15.1945 -15.1945 -15.1798 -11.6308 -9.1969 -6.8289 -6.7606 -2.6864 -0.4313 2.2675 2.2675 4.9791 5.0415 5.0947 5.0947 5.448 5.448 5.562 5.562 5.7047 5.8843 9.3394 9.9672 11.793 11.793 13.5262 13.5262 14.309 15.5134 15.793 15.9001 18.9581 18.9581 19.3382 19.7188 20.0937 20.8687 21.0582 
0.99 -15.427 -15.2566 -15.2566 -15.2561 -15.2528 -15.2276 -15.203 -15.1945 -15.1945 -15.1798 -11.6309 -9.1969 -6.8165 -6.7731 -2.6867 -0.4303 2.2673 2.2673 4.9791 5.0474 5.0983 5.0983 5.4487 5.4487 5.5574 5.5574 5.6964 5.8811 9.3433 9.976 11.7937 11.7937 13.5266 13.5266 14.3048 15.5207 15.7755 15.8862 18.956 18.956 19.336 19.7414 20.1004 20.8788 21.0525 
1.0 -15.427 -15.2566 -15.2566 -15.2561 -15.2528 -15.2276 -15.203 -15.1945 -15.1945 -15.1798 -11.6309 -9.1969 -6.8102 -6.7795 -2.6868 -0.4299 2.2673 2.2673 4.9791 5.0494 5.0995 5.0995 5.449 5.449 5.5559 5.5559 5.6936 5.88 9.3447 9.979 11.7939 11.7939 13.5267 13.5267 14.3034 15.5231 15.7696 15.8816 18.9552 18.9552 19.3352 19.749 20.1027 20.8822 21.0503 
